  1.00  52.72  42.57
  2.00  99.26  46.36
  3.00  22.18  76.02
  4.00  11.22  93.25
  5.00  99.47  71.83
  6.00  39.63  63.92
  7.00  66.15  46.04
  8.00   5.98  23.29
  9.00  74.66  13.70
 10.00  14.62  79.47
 11.00  41.78  39.59
 12.00  20.67  38.18
 13.00  89.23  34.28
 14.00  43.74  79.47
 15.00  98.75  33.80
 16.00  49.62  46.25
 17.00  46.90  40.29
 18.00  98.81  23.43
 19.00  52.03  72.97
 20.00  64.06  16.12
 21.00  71.18  42.02
 22.00  87.36  27.80
 23.00  77.82  27.82
 24.00  34.72  42.84
 25.00  72.25  75.39
 26.00  80.80  72.60
 27.00  12.32  25.19
 28.00  98.88  62.27
 29.00  83.90  71.40
 30.00  25.97  61.86
 31.00  51.61  47.36
 32.00  74.01  50.05
 33.00  73.25  93.38
 34.00  12.20  63.31
 35.00  69.58  47.61
 36.00  19.46  81.20
 37.00  99.05  76.48
 38.00  32.48  85.52
 39.00  43.26  65.87
 40.00  86.05  80.65
 41.00  42.91  34.00
 42.00   8.99  44.28
 43.00   6.86   1.24
 44.00  74.18  51.59
 45.00  30.13  85.95
 46.00  92.10  93.19
 47.00  41.26  82.12
 48.00   5.37  54.29
 49.00   4.65  83.64
 50.00  78.24  95.86
 51.00  69.99  69.83
 52.00  96.43  51.22
 53.00  97.04   3.23
 54.00  40.18  26.67
 55.00  99.73  95.76
 56.00  55.68  81.57
 57.00  57.43  36.52
 58.00  64.36   1.31
 59.00  87.02  69.99
 60.00  40.41  79.05
 61.00  74.82  94.40
 62.00   9.68  70.75
 63.00  19.57  35.12
 64.00  93.26  73.36
 65.00  66.21  56.89
 66.00  25.37  65.12
 67.00  92.85  33.28
 68.00  98.17  70.71
 69.00  93.84  33.93
 70.00  42.73  70.28
 71.00  75.37  69.85
 72.00  97.37  25.90
 73.00  52.15  34.94
 74.00  24.10  51.86
 75.00  72.39  30.41
 76.00  48.46  11.88
 77.00  32.55  97.68
 78.00  67.67  98.27
 79.00  13.27  77.89
 80.00  96.64  63.25
 81.00  15.41  81.30
 82.00  44.74  64.20
 83.00  29.11  89.10
 84.00  97.97   5.49
 85.00  13.47  72.29
 86.00  37.73  72.40
 87.00  24.97  72.65
 88.00  58.23   5.63
 89.00  87.55  90.34
 90.00  82.05  20.27
 91.00  86.36  45.52
 92.00  62.93  27.66
 93.00  10.17  74.31
 94.00  99.82  11.34
 95.00  39.64  94.66
 96.00  10.76  73.52
 97.00  98.46  46.51
 98.00  54.51  89.81
 99.00  12.76  76.12
100.00  76.12  69.62
101.00  33.37  81.52
102.00   0.85  34.83
103.00  21.25  46.51
104.00   2.12  24.04
105.00  74.08  99.76
106.00  75.69  67.51
107.00   1.32  66.47
108.00  85.84  11.82
109.00  69.58  57.65
110.00  32.82  37.21
111.00  72.58   8.49
112.00  19.34  42.90
113.00  62.91  29.11
114.00  13.83  83.75
115.00  24.68  97.70
116.00  61.85  10.17
117.00  29.50  83.09
118.00  23.30  30.05
119.00   3.39  82.26
120.00  26.99  93.69
121.00  89.92   4.77
122.00  56.51  41.37
123.00  59.46  83.83
124.00  83.82  56.25
125.00  73.44   6.05
126.00  70.40   6.73
127.00   3.04  11.19
128.00  34.17  90.92
129.00  50.62  87.62
130.00  21.69  87.32
131.00  58.86  14.33
132.00  50.32  92.11
133.00  96.87  82.58
134.00  22.86  82.51
135.00  72.30  84.48
136.00  11.94   5.90
137.00  40.44  54.94
138.00  30.64   8.87
139.00  26.33  86.08
140.00  22.81   0.59
141.00  25.41  51.41
142.00  16.35  58.42
143.00  90.58   8.04
144.00  27.16  41.85
145.00  14.35  23.10
146.00  73.99  22.92
147.00  54.90  68.63
148.00   0.57  76.00
149.00  52.22  17.94
150.00  62.38  22.54
151.00  58.60  58.15
152.00  55.23  29.70
153.00  99.35  44.54
154.00  31.36  95.27
155.00  56.08  53.11
156.00  95.86  64.43
157.00  60.99  39.63
158.00  45.50  98.02
159.00  67.09  15.02
160.00  92.47  84.26
161.00  63.23  33.75
162.00  51.24  89.24
163.00  34.83  47.15
164.00  26.79  10.31
165.00  82.77  34.85
166.00  96.47  54.64
167.00  85.13  60.86
168.00  74.64   6.89
169.00  23.41  61.13
170.00  59.71  13.10
171.00  13.06  17.35
172.00  42.24  70.00
173.00  61.33   5.56
174.00  44.92  24.22
175.00  74.00  67.48
176.00  65.24  71.72
177.00  82.27  75.45
178.00  22.86  60.28
179.00  34.22   2.83
180.00  17.41  35.60
181.00  79.20  39.71
182.00  50.59  34.05
183.00   3.46  19.50
184.00   3.73  84.48
185.00  22.99  99.32
186.00  13.42  84.50
187.00   0.87  94.81
188.00  21.23  32.95
189.00  69.97  78.17
190.00   7.27   0.81
191.00  30.90  62.96
192.00  62.98  93.87
193.00  69.07  72.33
194.00  70.27  52.07
195.00  27.03  64.03
196.00  81.83  11.63
197.00  68.25  13.68
198.00  51.99  32.44
199.00  70.20  92.24
200.00  27.77  67.10
201.00  80.97  29.32
202.00  67.99  23.87
203.00  96.64  96.38
204.00  36.53  38.35
205.00  35.93  56.11
206.00  95.87  49.56
207.00   4.80  98.90
208.00  62.49  52.26
209.00  82.72  92.03
210.00  64.32   9.45
211.00  46.64  94.63
212.00  85.87  60.76
213.00  15.78  63.50
214.00   8.68  40.27
215.00  37.22  71.71
216.00  67.43  22.11
217.00  25.22  36.16
218.00  15.46   4.06
219.00  41.96  55.54
220.00  92.90  50.18
221.00  51.89  50.22
222.00  54.31  46.67
223.00  47.27  37.71
224.00  76.75  79.90
225.00   1.10  59.90
226.00  16.57  71.68
227.00  37.83  49.08
228.00  94.75  82.55
229.00  21.32  79.93
230.00  29.31  80.79
231.00  11.27  59.79
232.00  17.21   5.67
233.00  15.35  70.22
234.00  55.07  28.14
235.00  39.24  32.83
236.00  88.37  70.28
237.00  92.60  94.21
238.00  81.05  21.73
239.00  94.21  87.44
240.00  49.68  92.96
241.00  92.45  32.19
242.00  72.01  69.14
243.00  35.72  46.07
244.00  74.65  48.73
245.00  76.30  15.03
246.00  97.27  75.43
247.00  11.22  92.63
248.00  69.64  45.18
249.00  44.99  59.64
250.00  42.59   7.30
251.00  35.35  73.95
252.00  42.14  73.47
253.00  70.62  92.93
254.00  41.50  32.71
255.00   3.48  41.60
256.00  35.99  89.64
257.00  12.47  44.28
258.00  66.43  38.81
259.00  50.10   0.73
260.00  49.82  70.52
261.00  36.43  18.25
262.00  23.02  19.64
263.00  74.40  11.19
264.00  51.26  10.56
265.00  76.48  26.96
266.00  56.08  96.68
267.00  25.31  82.16
268.00  92.84  70.92
269.00  97.37  83.51
270.00  24.53  62.19
271.00  88.84  75.78
272.00   8.93  43.67
273.00   8.03  33.40
274.00  62.90  37.60
275.00   3.19  51.18
276.00  72.00  66.30
277.00  90.83  82.25
278.00   1.93  83.41
279.00  51.19  75.49
280.00   2.27  81.54
281.00  91.20  89.00
282.00   0.59  98.32
283.00  58.93  99.97
284.00  75.87  59.84
285.00  91.43  30.11
286.00  10.37   4.20
287.00  36.14  39.02
288.00  55.02   5.43
289.00  27.78  76.59
290.00  31.25  23.67
291.00  39.48   2.56
292.00   6.32  59.17
293.00  65.79  99.96
294.00  92.52  89.23
295.00  21.64   0.22
296.00  65.85   4.20
297.00  33.39   6.31
298.00  93.26  58.96
299.00  77.30  11.88
300.00  76.52  58.84
